{
 "metadata": {
  "name": ""
 },
 "nbformat": 3,
 "nbformat_minor": 0,
 "worksheets": [
  {
   "cells": [
    {
     "cell_type": "code",
     "collapsed": false,
     "input": [
      "%pylab inline\n",
      "import matplotlib.pyplot as plt\n",
      "import numpy as np\n",
      "import sympy as sm\n",
      "import scipy as sp\n",
      "from sympy import *\n",
      "from scipy import interpolate\n",
      "from scipy.integrate import ode\n",
      "from scipy.integrate import odeint"
     ],
     "language": "python",
     "metadata": {},
     "outputs": [
      {
       "output_type": "stream",
       "stream": "stdout",
       "text": [
        "Populating the interactive namespace from numpy and matplotlib\n"
       ]
      },
      {
       "output_type": "stream",
       "stream": "stderr",
       "text": [
        "WARNING: pylab import has clobbered these variables: ['prod', 'Circle', 'power', 'diag', 'sinh', 'trunc', 'binomial', 'plot', 'eye', 'det', 'tan', 'product', 'roots', 'vectorize', 'sin', 'plotting', 'zeros', 'cosh', 'conjugate', 'take', 'trace', 'beta', 'ones', 'transpose', 'cos', 'interactive', 'solve', 'diff', 'invert', 'tanh', 'Polygon', 'reshape', 'sqrt', 'floor', 'source', 'add', 'multinomial', 'test', 'poly', 'mod', 'sign', 'gamma', 'log', 'var', 'seterr', 'flatten', 'nan', 'pi', 'exp']\n",
        "`%pylab --no-import-all` prevents importing * from pylab and numpy\n"
       ]
      }
     ],
     "prompt_number": 43
    },
    {
     "cell_type": "markdown",
     "metadata": {},
     "source": [
      "#Adam-Basforth"
     ]
    },
    {
     "cell_type": "code",
     "collapsed": false,
     "input": [
      "#Defino la funci\u00f3n que me recibe como par\u00e1metro \n",
      "#Defino los s\u00edmbolos para poder resolver el polinomio\n",
      "#De creaci\u00f3n emp\u00edrica uso el polinomio de Adam-Basforth (Con inspiraci\u00f3n de un HandsON realizado en clase) \n",
      "#Defino las variables T1 y T2 con la herramienta var\n",
      "\n",
      "init_printing(use_unicode=True)\n",
      "\n",
      "def Lagrange(Num):\n",
      "    fu=0\n",
      "    #f=var('f')\n",
      "    t=var('t')\n",
      "    for i in range(Num):\n",
      "        nn=1\n",
      "        for j in range(Num):\n",
      "            if i != j:\n",
      "                t1 = var('t%d'%j)\n",
      "                t2 = var('t%d'%i)\n",
      "                nn *= ((t - t1)/(t2 - t1))\n",
      "        fu+=nn*var('f%d'%i)\n",
      "    return fu"
     ],
     "language": "python",
     "metadata": {},
     "outputs": [],
     "prompt_number": 44
    },
    {
     "cell_type": "code",
     "collapsed": false,
     "input": [
      "#Funci\u00f3n de orden cero (0)\n",
      "Lagrange(0)"
     ],
     "language": "python",
     "metadata": {},
     "outputs": [
      {
       "latex": [
        "$$0$$"
       ],
       "metadata": {},
       "output_type": "pyout",
       "png": "iVBORw0KGgoAAAANSUhEUgAAAAoAAAAOBAMAAADkjZCYAAAAMFBMVEX///8AAAAAAAAAAAAAAAAA\nAAAAAAAAAAAAAAAAAAAAAAAAAAAAAAAAAAAAAAAAAAAv3aB7AAAAD3RSTlMAEJmJdjLNVN0iZu+7\nq0QgoRR7AAAACXBIWXMAAA7EAAAOxAGVKw4bAAAAVklEQVQIHWNgEDJRZWBgSGeQmMDAtYGBOYGB\n5wID+0cG/gsMfN8Z5BUY+L4wzDdgYP0MJeUNQCL8Cgzs3xk4DjBwfWRg2cDAlMDA0M4gHcDAIOxy\nlQEA9FISlFfRJtkAAAAASUVORK5CYII=\n",
       "prompt_number": 45,
       "text": [
        "0"
       ]
      }
     ],
     "prompt_number": 45
    },
    {
     "cell_type": "code",
     "collapsed": false,
     "input": [
      "#Funci\u00f3n de orden primero (1)\n",
      "Lagrange(1)"
     ],
     "language": "python",
     "metadata": {},
     "outputs": [
      {
       "latex": [
        "$$f_{0}$$"
       ],
       "metadata": {},
       "output_type": "pyout",
       "png": "iVBORw0KGgoAAAANSUhEUgAAABEAAAASBAMAAABP1yhnAAAAMFBMVEX///8AAAAAAAAAAAAAAAAA\nAAAAAAAAAAAAAAAAAAAAAAAAAAAAAAAAAAAAAAAAAAAv3aB7AAAAD3RSTlMAEJl2IquJVETdZu8y\nu83OyatpAAAACXBIWXMAAA7EAAAOxAGVKw4bAAAAiklEQVQIHWNgYGAQMnIAkiAQVl8AYTD+kIAw\nGNg/QBkMbBOgLK7oqQpQJr8BA3NyAojjf4BhGUMpiFXPwDCHgV8AyMpkYPzCwA0y8ioDz0cGzgVA\n1mYwy4CBgfEHAw9QFsji+MjA+IeBv4GBge0CA8MMkN5SPqBaI5B5cyWBmtjUFBkYFqsAWSAAADsj\nGgI/53uTAAAAAElFTkSuQmCC\n",
       "prompt_number": 46,
       "text": [
        "f\u2080"
       ]
      }
     ],
     "prompt_number": 46
    },
    {
     "cell_type": "code",
     "collapsed": false,
     "input": [
      "#Funci\u00f3n de orden dos (2)\n",
      "Lagrange(2)"
     ],
     "language": "python",
     "metadata": {},
     "outputs": [
      {
       "latex": [
        "$$\\frac{f_{0} \\left(t - t_{1}\\right)}{t_{0} - t_{1}} + \\frac{f_{1} \\left(t - t_{0}\\right)}{- t_{0} + t_{1}}$$"
       ],
       "metadata": {},
       "output_type": "pyout",
       "png": "iVBORw0KGgoAAAANSUhEUgAAANAAAAAwBAMAAACSzunFAAAAMFBMVEX///8AAAAAAAAAAAAAAAAA\nAAAAAAAAAAAAAAAAAAAAAAAAAAAAAAAAAAAAAAAAAAAv3aB7AAAAD3RSTlMAEJl2IquJVETdZu8y\nu83OyatpAAAACXBIWXMAAA7EAAAOxAGVKw4bAAAEa0lEQVRYCe1XS4hcRRS9L9P2b36NunBAMu0n\ngpswjJD1w6UwOBgQRIVmRMSFYUCykAgZFy7iJgPx/20UXcqAgrqRxqUYZkSzcWN0oxFpJqiYRSSe\n+6lXt16/nnSvBEnBVN177rn3vldVPX2a6L8ZX49t2x6MDWlgrj+WEHKzu+42Tm1vLJkeqwzdvJob\nvlYZV9Byb3rqbyMtdIiW8jQje1n9hRQ27+HTm2b9RBSoBTPUstzlF7YsdAzr6YKmRmNf15mersmc\nXbnN/JkeUaAWlFCLgxjBJfoU3lHB4nTootrZTsQKK5aezYkCtQiHWpb7dAg0t2G9GjxbWz0zfikF\n2K1zhowzmAuqYbGW5H74xUMWqHep+fg/xwNN1hd/vLCiwEaCi9N+9JWuoYhGqmKulub+YVya7x+w\nz/RxoLl10R6C6Aeg8QyUEjdWcmtXiY7xNaDW5ph9Ps/R53gqjQcHRBKk1xAJRxJIfGZaWXLRt91r\nrCM6uxX2+fAbPH7nDJzZV4+wsctTaeAdNEifIyLHm13i1HcH8HFmVllycaCtAV1GgBst48+P7Ao8\neaCqRnyP9E3RSKg+F7WssuTOr9NyTp+BwVt3ljLPpeY+dbQW36vyuABAG2HrhOoZqGWVJXd2hXY7\n9CYYfBlO0POeS/WLjYHWqroMn4CrjXAZhOqTUcsqSy5eEO45MOo4qCPZiufSofVbrNadCS5O3Fd6\nEveIqX6gllWW3LMd2s2Jn40/sGv3eSpR7Ts0lof+NQ2w1+ST1TfC5gjVk1DLKkvuM7gBA+IzJ/v/\n6clic63azghM9T1g2qiVj4aBaGXObaz/hluwJbeO3q8ka6063qw0Ti70gWijdrcUVFcrc27r222i\nma58jmg+r2TTKcCHi1AWWO8sMcZBjO91Kc1amXPbqznmjY0OM8Z88d3/3nFfqIHnk/EBf2FKEOua\nYuVZKo8+xANlXuG388IsGhUIG7V+4nrH5Xr4unZ1o+umTU+40Uj37NoUYx8p9eHw0pfDYRfm4hSp\n17TbdPONM5puvxz7/7d1zb57venNpbwipxKs4FUIfGaNqH4Gy+qPsWpQIuUJoi2OW81MwBAuqz/B\nK8GQkayJwH/WQgkY6GVxL3glGDKSNRH4oVECKt0J8phfCcawt1KBb41S0Oi8naqTXT6Dc3sOGG/i\niGee6Fk8vBGf+3nDwoLtNJ0cEKwA545sO2C8idP8iE5aPDQCaNI8JmI7TSenKp0aBzYqyDjNt2mx\nowVDIz5iFUmx0fJWUOARE8V/cKNAhmbN/qTZTfgnhsO3hsOfYTkhG3gi7iFfWYG7wYp/skbNfbr9\nMrX6mmxvBNB+ILiaKsjPOQQmK/7JGkHgf4NGK0mj+APBlWVBrgo8BSdsBIE/h61LG8UfCK4mBLnq\nZIeJ4p/sjSDws6u0uKXZtnXxB4IvGhV4ik7WiHNeH7l1jJZvHaCgwDkcR2Mn2gdbq8Xn6CVHNGnu\nkEKBJ1jt3r9s4xO4yqnfc8coHKT5v0wTZpe7MQbcAAAAAElFTkSuQmCC\n",
       "prompt_number": 47,
       "text": [
        "f\u2080\u22c5(t - t\u2081)   f\u2081\u22c5(t - t\u2080)\n",
        "\u2500\u2500\u2500\u2500\u2500\u2500\u2500\u2500\u2500\u2500\u2500 + \u2500\u2500\u2500\u2500\u2500\u2500\u2500\u2500\u2500\u2500\u2500\n",
        "  t\u2080 - t\u2081       -t\u2080 + t\u2081 "
       ]
      }
     ],
     "prompt_number": 47
    },
    {
     "cell_type": "code",
     "collapsed": false,
     "input": [
      "#Funci\u00f3n de orden tres (3)\n",
      "Lagrange(3)"
     ],
     "language": "python",
     "metadata": {},
     "outputs": [
      {
       "latex": [
        "$$\\frac{f_{0} \\left(t - t_{1}\\right) \\left(t - t_{2}\\right)}{\\left(t_{0} - t_{1}\\right) \\left(t_{0} - t_{2}\\right)} + \\frac{f_{1} \\left(t - t_{0}\\right) \\left(t - t_{2}\\right)}{\\left(- t_{0} + t_{1}\\right) \\left(t_{1} - t_{2}\\right)} + \\frac{f_{2} \\left(t - t_{0}\\right) \\left(t - t_{1}\\right)}{\\left(- t_{0} + t_{2}\\right) \\left(- t_{1} + t_{2}\\right)}$$"
       ],
       "metadata": {},
       "output_type": "pyout",
       "png": "iVBORw0KGgoAAAANSUhEUgAAAj8AAAAxBAMAAADHF9VdAAAAMFBMVEX///8AAAAAAAAAAAAAAAAA\nAAAAAAAAAAAAAAAAAAAAAAAAAAAAAAAAAAAAAAAAAAAv3aB7AAAAD3RSTlMAEJl2IquJVETdZu8y\nu83OyatpAAAACXBIWXMAAA7EAAAOxAGVKw4bAAAJ1klEQVRoBe2aTYhkRRLHo6Z6qrqqe9pm14OD\nYLeuHjwojYLnh0dlsFEQFj8oWmXxsCKIiLjL1B5WcBEccFRU1MaPm8jACupFC4+Cdvt18WK5l1GR\nZkRFDy698ZGRGZnvZdaTramTCVOZGe8f8YvMee9Vd0cC/N5+yw58kBe/7i7lJcNJ3luvrO7qqNbP\nBoBKar41Q4GjaeYXknI6f7rcAZb2ayRvODrhYUlyuxcngz9cUznLieSKmbYAOIlxioetOCBplhaS\ncI7+5WfHWVsHOF7F0M5pN59yX5KsxZ5hduvJ+93kKwAfUK8rccqGEgBEoo61vh1H0vwNnI1/jB3q\nOuxPJtj+OXMRoCTpjhJfN+38cpEbdUcAPqCzeSKFLgOYrm71viWnOyLX0kISTtiSN9HxavI27cjU\nTS7mviTpnDF+Zhi2ZKUC8AFVocTZABCJOqZ9S46kWVpIwrlXQcuncPS0zlw/GLnBGj0mZclZJ026\nHsXl9hh++oDO5oktACxRv1rfkgOUZnkhEee1d252qN4mLN/x31si8D+//HxLDHgVoCzZiVx1Mrzt\nKXKlhoIQUEyB2ALAEvGrf7blUBYzFhJzfsAHkp//Y7uZN8SHlM1wih85Se+qS/HqG/ivoV2AW8wh\n4Au8Gp5okdKDwfwWAJY0EMSEHMmjzOE0cwuRRCPO0q8wHPW3kTG4v/kN8f6fKYH+qYLkbrgTrz5M\nunq7aQISAp7Bi/rKUR2+k4TfAsASdaz1yJE8yhxOs8VaNT7+Dw4m8D1OV8b6huh88yy2FydopHcS\nL3wV/6eN5BJSPPsd2khyGvYqgD2a1RvdM7J3b+OIX3IGgO8k4bcAsKQOcBbkSB5Q5HCaYa3xQsxa\nlYOvto0K3sIpOW3gP9s6v+As3qAmydtw0zi7QfQt4DeIA1oChhO+36A8oLxByJE8aIPyHL9BTRyz\nVk3y2DbsrcNzOKXb7gno6AXul8/Bujjxez8rgZPrAI9Frn7yOY5kg/AR44D+Eg6QKPwWAJZY52hM\nHM6DHrE8h9PMLoQTjTgrW7RBT2JsenHdB38jjG+9aX8iq/Pv0EYJB8i8pP+N0WSD8CXNAX14HGA4\n4bcARC9PG4THxOE86CWd5/iXdONCONGIgzfaXgUUvLcNcEVni2H6cWT7j251RzZLEv5ivEy9oj48\npXAPfgtQQNuQKPwWAJZYZztmjnxBFzlAabZYq8Z+Yh02JkCvGrqxTlyrdumXPsUN411dG5ckL5P8\na/qotWX6ApA7CJ9BDmg1SBR+CwBLrLMdM4fzoIcoz+E0W6xVY/8VXz5j/hbD74Dmxqu7ka9lJMuj\n5QksnWl07+2jWTZoUDUqhD8bACJpjIE3BXI4D1xQiSNpZhYiiRpOf/tbgO4m/xwEsv11/iNkuovt\nGclHD/19HXp4s9Xbg2u7aOQQMNysX0eL8GcDXA6NMYA5nAf+UFviSJqZhUiikgpzBh+fwn5nZ51m\nxyr6rLXrX7oFvzanbM9I3js8BLjEe3YqP4QXjuOYQ2D/WbDbEfFbAJxEPC2DLMzhPHBS4Lg0Mwux\na2XO8JqKe/5Y2g/jdOQCliQhq/5WcH9F/xxHphPBno5aAKJFWQbFastxm1daSMSJ8rwhmkWTV90s\nLxlW3iFN3l9Y2vXDdDAbACph1yyDrhY4mmZ+ITEnzXMu82LycyHg74bmLp1TyMWFWUTyi2Cctx1b\nRPKLYOAGHc63nZM91+QvmG90ibYIhubtWPO9k3oHB9+8e3CwOd+ocbRFMGLifGd6B803ahxtEYyY\nOMfZIpJfBGOOWxKHWkTyi2C4VX0Qry6dtShmk4vKaGySnxGc1NTUe3WXp9mP1/2V88dQhLJKP3Sz\ndnYx28h4GJKfGVyzcYX9wu8irDw6UYfzx1CCspqq1Kw5Xol0jbuWMtYu74onAHlp03g6516NAoGv\nGor3pPMV/Sl74cf/xdAgPqwaqPfGqVipJpYWq/iKGrsjmraUkdQ08tKm8WjufxdXY3dE5u6ooTSH\n9lDRtwHpAjZr0nB84UL+DKvrjsjQHeGHa337g47KvdEFfhPFV6uH7dWYL2azOpbZADim4NpUSHP/\ngKhRICtVQ2mO9L6ifzHN4pZjwANOV2doAB+WDCr3RmHxX/CfVg/be+NZtLaUWX/1UpuPhwa/Qd5I\nECk4jGiUtMHIGaKyOds4M5X7cGTQFXujZ6jch7VybxQW/pk71MfVEXtj3MFpS5kJQEP00mbioclt\nkDESpKl4z/6hom8i8pUCw21QA8N5JgcF3H6mLCr2+KdOPakPxjdw1lJmAzgvNYV4aNE7KBgJ0lhU\nZ3//bhlOeW4+KDNtIRxZ3IqD0TNU78MaeXghC4tKaPTUyQEG9cSejKv7ZKC/uBdlO5/Ql5X8YZ4c\nfCMvbRFENyiG+KL6h+qkPb5G5GBCvTyfZegGEcNkSAcEtGFYd64CB/pEJqyVMa5+pAcY4qL56hWn\nKNQe/otlECra6Nurjk6dDDvbyEulAYIK3SA0GogW1d1ZB/VEPb5G5GBCvfqcZeiKkwypLq1nDzCs\nYyFDNyhhUfyNsTtAgDLf0ChHOvwG5WSDavVHdNvzrn5AwbUFb/O7eAzxRfX0ZqSioBxMaN6gOgPu\nOzh4/uDgP3iFwCZD3CBtpqYZ5CmL7lCsj7sDDOqKPZXp5YbGOpwW7htlK+MlKjySLGn29o8gegfF\nEF9UTzeIKu1yMCH6zmJalqG3BDJshuYRo7DhzeDuoJRF7zipj9MBBtOodC0bRO+2ogz6VD0lWdLs\nCzSC6AbFEF9UTzdIKu10QKL8ko4YukHEMBli4V4bh/Ust0Epy1Wp9+QAg7piT2V62aDLcFaUwWAL\nJSRLGnlpoyK8h+gGxRBfvPdJO2ep6D+JsyObGk/7LEM3iBgmw3vUEYP5kwdkcxuUsuiexfr4nhxg\nCM5cppcN+hqtRRkf+2sqzdsHIoLoBtFZgADxRfV0g7jSzj8CrY1NijzMMnTFxDAZmjdBOHlAkdwG\n1VinGbMhBxh4HD44d1vMbpZxqbexNC/BNWDw1g2iKwYyqESabhBbX6bPG0VgP3MMXTFpTYbK0BCe\n5TaI7ZbFY3+AQd2k59xtMXvgzjnEskfhcXwI6TFLmwRXa/Be3lWb2yDx5nXgFZ90UIEcTLjLWNww\nx4B/Ba3JUBl60bOMPGIdq0iqBxjUTfr+Geyl5l6QrZ596GOVxf5JuX8mRIvqjyRhaMoHE6LyvBNJ\nZurRyIgy/Eyl0s9kub9puQMMkfPSlT/hbSEBC7KVw8NzKov8sQa8HxlmQVzxXs86RL7v0QGJeDPk\negtGlOGJKGwL1g2RQ20yrMTUUpb4z/BStUIKRXWWRuV5dZ4zQ8MS6385mWTbPkb17AAAAABJRU5E\nrkJggg==\n",
       "prompt_number": 48,
       "text": [
        "f\u2080\u22c5(t - t\u2081)\u22c5(t - t\u2082)   f\u2081\u22c5(t - t\u2080)\u22c5(t - t\u2082)    f\u2082\u22c5(t - t\u2080)\u22c5(t - t\u2081)\n",
        "\u2500\u2500\u2500\u2500\u2500\u2500\u2500\u2500\u2500\u2500\u2500\u2500\u2500\u2500\u2500\u2500\u2500\u2500\u2500\u2500 + \u2500\u2500\u2500\u2500\u2500\u2500\u2500\u2500\u2500\u2500\u2500\u2500\u2500\u2500\u2500\u2500\u2500\u2500\u2500\u2500 + \u2500\u2500\u2500\u2500\u2500\u2500\u2500\u2500\u2500\u2500\u2500\u2500\u2500\u2500\u2500\u2500\u2500\u2500\u2500\u2500\u2500\n",
        "(t\u2080 - t\u2081)\u22c5(t\u2080 - t\u2082)    (-t\u2080 + t\u2081)\u22c5(t\u2081 - t\u2082)   (-t\u2080 + t\u2082)\u22c5(-t\u2081 + t\u2082)"
       ]
      }
     ],
     "prompt_number": 48
    },
    {
     "cell_type": "code",
     "collapsed": false,
     "input": [
      "#Funci\u00f3n de orden cuatro (4)\n",
      "Lagrange(4)"
     ],
     "language": "python",
     "metadata": {},
     "outputs": [
      {
       "latex": [
        "$$\\frac{f_{0} \\left(t - t_{1}\\right) \\left(t - t_{2}\\right) \\left(t - t_{3}\\right)}{\\left(t_{0} - t_{1}\\right) \\left(t_{0} - t_{2}\\right) \\left(t_{0} - t_{3}\\right)} + \\frac{f_{1} \\left(t - t_{0}\\right) \\left(t - t_{2}\\right) \\left(t - t_{3}\\right)}{\\left(- t_{0} + t_{1}\\right) \\left(t_{1} - t_{2}\\right) \\left(t_{1} - t_{3}\\right)} + \\frac{f_{2} \\left(t - t_{0}\\right) \\left(t - t_{1}\\right) \\left(t - t_{3}\\right)}{\\left(- t_{0} + t_{2}\\right) \\left(- t_{1} + t_{2}\\right) \\left(t_{2} - t_{3}\\right)} + \\frac{f_{3} \\left(t - t_{0}\\right) \\left(t - t_{1}\\right) \\left(t - t_{2}\\right)}{\\left(- t_{0} + t_{3}\\right) \\left(- t_{1} + t_{3}\\right) \\left(- t_{2} + t_{3}\\right)}$$"
       ],
       "metadata": {},
       "output_type": "pyout",
       "png": "iVBORw0KGgoAAAANSUhEUgAABEIAAAAxBAMAAAAsFRE2AAAAMFBMVEX///8AAAAAAAAAAAAAAAAA\nAAAAAAAAAAAAAAAAAAAAAAAAAAAAAAAAAAAAAAAAAAAv3aB7AAAAD3RSTlMAEJl2IquJVETdZu8y\nu83OyatpAAAACXBIWXMAAA7EAAAOxAGVKw4bAAAP9ElEQVR4Ae2cTYhlVxHHz+vX098z05osDJFM\nG01AYUITYZbycJkwZDQiiB88ph0kC8OAhCAqaRcKCUICjtHEr0f82ERiJAEjiGlcuAhqTzTZuLGj\ni0lEmglGEiQyVv2r6nzde869b2yme9EH+p176v5P1e/UuX3ffW+6xrnDdpiBaTKwMimqf6ZnXigq\nnEoqTpa2yrP30n8FwdbRCeJceam2jkock5SdWL56kJikR7yKxJY+PdI7bx8pwmlDafZHtmCbvdg8\nZRaVVJy4T5k27QfvfZ8a9sZ/BUEh0/jRqB+KrqMSR5faYz1R8PbDgNQdz1Uk/bcw5/j4A+fV9Ipz\ngwvZ6RtGYthBd2zVObOIPZoikpqTYzYn7Y987k017I3/GoJApvGjUT8UXUctjkh6rCcK3n4YkChe\nI/u2Gz2QduB/eqTBW+9SsuHYufnLOrDuAT04hZ5fzWIKPwWS4bjihE+2tBNf3VTrnvgfjisIsg4N\n1+z6oXAE54bjShw+6Vz3elhVbx5pOCZhnn0b46TjV78fTptJZOnTIwWHyyPnZnbMr/a3aX8j+mfp\n1Sx6IkyBpOpk8LRNSnpbgnN74r+KIOtIwseDfiiyjmockXSvJw7efuyROF4j+7YbPZD6bmGOMfeI\nWR6kg8WxjbR/VPtj5+lggbVm0RNhCiRVJ+6STUr6e2y0N/6rCIC0eM2+JwrWUY2DpfZYTxMht3gk\njtfIvt+NbqS+W5gBLH3yW2tqOuvc1/768nosWPj0f++W8Ryr6CVYVBemQFJ14uhss/3kVx9V4974\nryIAssmglr4oWEc1DpbaYz1FFDsRkChenv1o3I2EpV8F0vF1N9wYM89f6Mff0thAjd+DVi7SwdIO\nvRydtL/NzZ18j0lKTjbOrZLkKfpptn9pjKL/4caYZgGh5P/sn7z/kgQIcELOCo1QxFNpqcONMU3F\nOkpxkC9ISk7mTn2EnHSgkAKNkCR5HC88E8hJHp/iR4seSH23UDyH17u23E/dfTz+Nv3Y25qdp+eS\nlVseodE8vyyeb39S+az7jEkKTmYmMxdJ8kX6abTZtzVG0b8AAqHgf250ZIccw39BIghw0kAwA6Go\np9JSBaUWR/IFlJKTD7iTFLGOEiFp8nhd+XMijZfG82foTDdS3y20yNbTXeN77vgqDZ+jH7ytDV57\njNoPtmjMzyXwvHKZRsub9qRyEyse+yfZeMoFtz2i+wBLCk5mxkt8dpt+Go1/DyRbJf8CmPp3AYEg\nF0crb5Bj+K8iwEkDwQyEop7qKLU4uhaWlJzc6n5OZ+soEZImj9clz4np0rfc63SmGwnxSkjRFlpk\n6+9xgzfc8nkaEsHgLTNrf2Izv0LYEjee8py7i6y2g61O5OrHMuLZfMzPyuEKafGvgDX/y5uzjG5p\nKiPUt4VQ1BNnsoxSjSNrYUnBCZ3he3UdhQRo+CSBWwftTwOJEE+M3C/pTDcS4pWQoi2UuOH1Zbfy\nuluckIHuYguX3Wo4RUcPu4HsHh7L+a7JlrjJlAdoGiQlJ+7GLZqFx/F4Nh8fPWNXSMH/uwWw7n+e\nf5Hgv4oAJzmBHzOKg6c6SjWOXCEsKThZdYNf09k6ijEBCcmjdTWyT7uxveoepzPdSIhXRHJ+Cy2y\n9c/gClmnIT0Jze3Mb9kJ9Pe6L8sV4h9z2BI3mfJNMkFScnLd33lS65PqMgWXrPKTXYv/39MVQpqq\nfyj841rrOoAAJ4zS2hhFPNVR7Em1NY6shSUFJ1uDD3GcOorxMZIkj59U8+zQmK4Qzn43EuKVkByc\ntCHR/ZjewZGZc/QgdOY6I5P+lsG67N7MGhnmzjjHlrhhCj5IQVJy4vCkenM80475Zi5ZLfhXwLp/\nfNqD/yoCnFjkRo/3FXiqo1TjyFpYUnBCZ07STx3F2ICE5NG6Gtmn3dgeuWfoTDcS4hWRwhZaZO0X\nXneDt93xTRrSfWr2z+n2u9Mf1N07xgq+T7ElbpjyBFsgKTlxK2+S5NV4ph0/vGpXSMG/Alb9L62x\nO/ivIsCJRW70jCKe6ijVOHKFsKTghM5sn9d8NRByAyNJ8vh9JM8+jU9sOX4E60bqu4UZwdxF574j\nn2UWR9k5HWLFd2JwoV2xMF7Ycg6SgpMbt2b/Qxfg023zP09GySp9KGptAljz777uvmH+qwhw0hqE\njYwCT/z5rLUBRdZRiCNrEUm7E3oKuWui+WoNEhsJSZJHn7Jiuz9e3OTPMj2QZOntSC7aQu8ZB/cd\nmzh3u3wfsrSWnrPRPO/rBka4V5g99H+8/yt0pUNScLI4WvoF3XXXwxw7mj/zDzpEDOcK/gWw5n/l\n0v0vmv8qgqzDgqc9UMRTHUXWUYgjaxFJYT0X3JOWr5SgMQKSJE9vbg3JcI2/D+mB1HcL0wjfv4HG\nc7fyV6LOvYTX/GX2/f9ed4MdmI+O8rMYP3/lCn1S3sFxu5OVjXMj526Cgl6utwN6LnzxEfoN4BjU\nCv4BWPW/fOXKZe+/gqBOJPxgJL29AkU81VF0He1xZC0iKaznd6c+5vNlwcmQ4fAZIEnySvvjzp5d\n7Vj6lFsYkOjoR/a3O2w9nZxKBrrU2YuJNRmopOIkXIJfCDOXbh+Fwd74ryAkWza/HiLzUW8UvTQq\ncXSpPdYTEHKcBlJ3vL3ZwoCUH81Ocosf/1iP7vCWxoFKKk6WRjYpukLMJP2e+K8g2DoQrW1LAk4Z\nxdZRiWOSshOXoHDYOg4JesSrSCzeNEghG9f6qHiFXFOQzi25pjTdV8i1xdnfaIdXSEv+D9gF20J4\nDU2HV0hLsg/iFXJlH9plzo1cIfsQ3YdkDNmS4962jweclAOEY5lgrH1o9+7ufnd392/7EDkOObe7\n+9pvdnfXYts+Hh8wnH3MhIQ+fJdp2YKD+C7TgnltTIdXSEueD6+QKCmHV0iUDDs8mFfIysT42vse\nxZ48cWlLpr8gXenVZPqkSv9mOSlJU7tidMmnpPVb0oFtLIbfhWH6g4kzJX3ti1xe6JEtLLf27TEE\nUsnaU2afZarf88OtvSjG3tL6r6g6sQ2jR72uSbmfLnnXCqcribYCpX+F/sHogtmi3ht3YGwr9sSJ\nG0bo3LG6zNyJzLmHZJaj8NZMYmP03riDYYnWV7OKrCetW5jAq2O9NVuQjdEbhuJPSb3nOMZ4dThd\n9Gkyh2P6GI5vKJKMREbUYrTWn2KG1dewo/YyVbb7GMMxj3wbjv2hl8Byvdo9GzCG4+BJBdoZxlS0\n3oXMkqF5wijHGI7ZPBzTizYPyONcjrRVsmKxhmOe7VsJZzBSSTpvOFYzdT1wivKGe3Asj5olGIg3\ns4OO/noF/bP0eptaks6Mg6fZXJSZO5F5DxzemkkwtidZbwRGkdazTUVrkYFtA1tQK4bgT0ldzorF\nyrLCWbRmEh77xyYzXhVOkb7hHsl8kAIvjjl81ryxXOyJGY/avEt0wH901ygshcC7Y1loHN6al7DB\nrhBvBEaR1gedhtYCp39z7hfUigH8KanLWfGxkqxAb3BeQga/hd54NThF+oZ7JPNss1QXbFkx7txa\no2IUsqxstCSLyoEpYNSiUYjI5/UKCUZyTfWSBdqAAVkJI8jS+mFM4qh0jfs6ZQwbGACeknrPcHQL\nI8arwSnSN9wjL/wH9vauhpzYizcu7ZDp6CR7izNZeN97qiYLMVgWGoe35iOywe4h3giMIq3HmIbW\nAmN1NvCeYGhgAH9K6p7JM4Iyjv2SB8arwSnSN9wjmVykcxs9e22M6SBuZHR/YAP+xHjxvDyuSA1x\npOPnBKmE5rLRooxjSDUzqku9Aw5vLcGwrUkxlFbAbB73HiOhXbkYa1QmRdIJBmNbY09hlRGGFK9j\nXkYdcBryBEfyZIGo51jT4NgWZvN64aCUHDiZXNbFVA33kHOhH72raWl3VK9Lxt9+guf5Uj56JNAa\n4khGRq2E3ibt8iaealQWFdZyDKlmZlloFN47Cxh03nKdYiitgIWZCCoYMa1WWPsAkGmRdILB2FYJ\nG1bJlBGGFK9jXkatOG3yGEfz9H/g2BYSY7yMPjiSfOBkclkXL7bh3svf8qXdrJOGulf8wvhFnth0\ni1JDbCLq2RhqqjnVrTJ2J9XMSLF3QLTWWKIV5uHffjMMkgeLTeTeY8S0VmERhCRrqzBnbGsRfooh\nlc/Az6j1PzRok8c4micLRP1UONG//Wbz+uBEpeSZXNbl2tyDnm45C5fdO7S0O9CTcVVWjidrvg9T\nhajWEAcZG7USGp8zSjK4w0fS+Ela/j8K9ZZi6C9vhiG0ChZRBIyYtnmFoOSY79Fp/XD8LpOuMsKQ\nymfgR/fpAMg4DXmMo3linbZpceyXPJvXB0e+qwBOJpd1MVHDPeT02EKlp1wXO1Fs6VCPinuIf/aT\nCtHHE5mUkaIS+ik6wc9krTK4QzUzy0KLnppSDM11hiG0W/pLG9wEjJi2eYWg6BVF0gkGY1tL8WMM\nVD5jXkod4TTkCY5UjFsg6qfFsS3M5vXCQfKBk8uxLqZquIf8HD0vnbmOi//XI3QY9f8smVmjE3Nn\nUDG6LTXEkRJFvJh7c03Gtb1Szcyy0Ci8tRRDc42aYFyowBBaBbOJ3HuMmLZ5hbBMiqQTDF6dNa6D\nDauMMVD5jHkpdYTTkCc4eY5BPQ2ObWG2jD44knxLoi0W6cW62NJwDzndNanu1kq7bSaMuvJjm2Tl\n+w1ViG5LDXGQSRnpWTa8WpNJOfBJlbFcWvSek2JorjEPVwgwhDbaEvODalbGiGmbVwhkMxdJx7S+\n4W6qo3SVMQa+HcC8lDrCacgTnPRLGIo3LY5tYTavFw5KyS2JtnKk138b1HAP+eKI1VbabTO1x9bc\nicEFvJ6QGuJMhuLEuEy1XYZqZpF5BxLehhGG5hpnAobJYbFZ1gPjToyEtnmF4CRXmGcYqldPEX6M\n8QSdbi+O9Ti5XCqZrQIYgBojdFPg2BZicphnWTGfrTgoJUd2cjmvC63hHvKlNZzU0m5R+leE2sBQ\n3Cyihtif1wNUQsdlqq0yqWYWmfeg4W0cMB4yE/UBw+Q+B5FKCrJj2tYrRIqkMwyfJPiL8CMMVD63\nF8d6nFyeFjtrxXjMrDXbPXEWJn5uvAzLip1swZHktxZWS0U3z224l2S+BL9a2m0xtP8S9Um9rtQQ\nZyqphI7LVFtl9Jv05Goo3FUnEt48dmKonMHyBoyE1qrFE6UUSfv6YTl3dBRr2vFRvN5er9uGA3mC\nYxXjcSj6qoAL3qfHSealSXRtOEi+4qRyKcpPoOiLI8ZS+Wmcs9LuRPjhH97t65v1b2xQQ5yI6Gsy\n1FRL2IrMoZo5pcv/gqgTQ2gBllEIhm61YFi1eKKUIukMI/sLorZVuue5eF3nCYb5bcWBPMGxinGb\nhv5qcZJ5PXCQfMVJ5QBNmGgA90Y/yc+m4x7FnjxhaSTT7pCu9Goyf3524g+rB4rRJZ+S1ofswDad\n4XdhmP5g4kxD/z+TLZrENnE9RAAAAABJRU5ErkJggg==\n",
       "prompt_number": 49,
       "text": [
        "f\u2080\u22c5(t - t\u2081)\u22c5(t - t\u2082)\u22c5(t - t\u2083)   f\u2081\u22c5(t - t\u2080)\u22c5(t - t\u2082)\u22c5(t - t\u2083)     f\u2082\u22c5(t - t\u2080)\u22c5\n",
        "\u2500\u2500\u2500\u2500\u2500\u2500\u2500\u2500\u2500\u2500\u2500\u2500\u2500\u2500\u2500\u2500\u2500\u2500\u2500\u2500\u2500\u2500\u2500\u2500\u2500\u2500\u2500\u2500\u2500 + \u2500\u2500\u2500\u2500\u2500\u2500\u2500\u2500\u2500\u2500\u2500\u2500\u2500\u2500\u2500\u2500\u2500\u2500\u2500\u2500\u2500\u2500\u2500\u2500\u2500\u2500\u2500\u2500\u2500\u2500 + \u2500\u2500\u2500\u2500\u2500\u2500\u2500\u2500\u2500\u2500\u2500\u2500\u2500\n",
        "(t\u2080 - t\u2081)\u22c5(t\u2080 - t\u2082)\u22c5(t\u2080 - t\u2083)   (-t\u2080 + t\u2081)\u22c5(t\u2081 - t\u2082)\u22c5(t\u2081 - t\u2083)   (-t\u2080 + t\u2082)\u22c5(-\n",
        "\n",
        "(t - t\u2081)\u22c5(t - t\u2083)     f\u2083\u22c5(t - t\u2080)\u22c5(t - t\u2081)\u22c5(t - t\u2082)  \n",
        "\u2500\u2500\u2500\u2500\u2500\u2500\u2500\u2500\u2500\u2500\u2500\u2500\u2500\u2500\u2500\u2500\u2500\u2500 + \u2500\u2500\u2500\u2500\u2500\u2500\u2500\u2500\u2500\u2500\u2500\u2500\u2500\u2500\u2500\u2500\u2500\u2500\u2500\u2500\u2500\u2500\u2500\u2500\u2500\u2500\u2500\u2500\u2500\u2500\u2500\u2500\n",
        "t\u2081 + t\u2082)\u22c5(t\u2082 - t\u2083)   (-t\u2080 + t\u2083)\u22c5(-t\u2081 + t\u2083)\u22c5(-t\u2082 + t\u2083)"
       ]
      }
     ],
     "prompt_number": 49
    },
    {
     "cell_type": "code",
     "collapsed": false,
     "input": [
      "#Defino la funci\u00f3n de adams\n",
      "#Defino las variables con la ayuda de SYmbols y un arreglo de SYmbols para ir generando el for \n",
      "#Traigo mi funci\u00f3n Lagrange como mi polinomio\n",
      "#Con la ayuda de subs voy reescribiendo el polinomio\n",
      "\n",
      "init_printing(use_unicode=True)\n",
      "\n",
      "def Adams(Num):\n",
      "    \n",
      "    Polinomio=Lagrange(Num)\n",
      "    t=symbols('t:%d' %Num)\n",
      "    arraySim=[]\n",
      "    t2=symbols('t')\n",
      "    h=symbols('h')\n",
      "    \n",
      "    for i in range(Num):\n",
      "        \n",
      "        Actual= (t[i],t[0] - i*h)\n",
      "        arraySim.append(Actual)\n",
      "    \n",
      "    final = integrate(Polinomio,(t2, t[i], t[0]+ h))\n",
      "    final2 = final.subs(arraySim)\n",
      "    final3= sm.simplify(final2)\n",
      "        \n",
      "    return final3"
     ],
     "language": "python",
     "metadata": {},
     "outputs": [],
     "prompt_number": 64
    },
    {
     "cell_type": "code",
     "collapsed": false,
     "input": [
      "#Funci\u00f3n de orden uno (1)\n",
      "Adams(1)"
     ],
     "language": "python",
     "metadata": {},
     "outputs": [
      {
       "latex": [
        "$$f_{0} h$$"
       ],
       "metadata": {},
       "output_type": "pyout",
       "png": "iVBORw0KGgoAAAANSUhEUgAAAB4AAAASBAMAAAC+3HPqAAAAMFBMVEX///8AAAAAAAAAAAAAAAAA\nAAAAAAAAAAAAAAAAAAAAAAAAAAAAAAAAAAAAAAAAAAAv3aB7AAAAD3RSTlMAEJl2IquJVETdZu8y\nu83OyatpAAAACXBIWXMAAA7EAAAOxAGVKw4bAAAAz0lEQVQYGWNgYGAQMnIAkgyyO0EkEITVF4Dp\nR2CSgfGHBITxHUKxf4DQHB8hNNsEFJoreqoCWIBPffEVEIPfgIE5OYGBQf4JQyiQy+B/gGEZQykD\nQ/0Bhrsgfj0DwxwGfgEGPQaGzSB+JgPjFwbuAoZpDCx/QPyrDDwfGTgXMP5gYNvACORvBvMNuD4w\ncCcsZAA6j4EHqN6A9QEDf0MCAwPQWYx/gEzeBQxsakDlbBcYGGaAzIeAUr4FDAxGIPshYK4kkGZT\nU4TxF6vAWGAaAMh/LDqpeh6UAAAAAElFTkSuQmCC\n",
       "prompt_number": 65,
       "text": [
        "f\u2080\u22c5h"
       ]
      }
     ],
     "prompt_number": 65
    },
    {
     "cell_type": "code",
     "collapsed": false,
     "input": [
      "#Funci\u00f3n de orden uno (2)\n",
      "Adams(2)"
     ],
     "language": "python",
     "metadata": {},
     "outputs": [
      {
       "latex": [
        "$$2 f_{0} h$$"
       ],
       "metadata": {},
       "output_type": "pyout",
       "png": "iVBORw0KGgoAAAANSUhEUgAAACkAAAASBAMAAAA08+qrAAAAMFBMVEX///8AAAAAAAAAAAAAAAAA\nAAAAAAAAAAAAAAAAAAAAAAAAAAAAAAAAAAAAAAAAAAAv3aB7AAAAD3RSTlMAIpm7MhCriUTv3c12\nVGZoascqAAAACXBIWXMAAA7EAAAOxAGVKw4bAAABEklEQVQYGVWPMUvDUBSFv2pibBqbzC5GRVwF\nQXCR/ISHg5QudhFRB0MXsTj0HziK4lBQxE3xDxjqHygOHW03F0GFFoMO9d7YId7hnHvO4513HoWF\n1QiZzXagZK+3lLZwUuXdXkeJUqi4A+dCdlpRBX52eAGHEcx8ZB6cGl0eTeY6rbHbGDN3hvLeTfgn\nH16eAt2mvwT8BO8klvyfYKqmrrsiMBfxSlfyB0yqZlGhB9f4hol7ioloryZAA/uTYgc31mvwTEHi\n17CGuH22mxxjsEI8cS8zN+EdzsqG2aP6vn4NSxISDiB15Bej0be0G2IP8JtsQD3Wh3QcaXOrHfLT\nLfWhrX3zc1UV5Swv5T14m/+vfwG3nD/hOJahRAAAAABJRU5ErkJggg==\n",
       "prompt_number": 66,
       "text": [
        "2\u22c5f\u2080\u22c5h"
       ]
      }
     ],
     "prompt_number": 66
    },
    {
     "cell_type": "code",
     "collapsed": false,
     "input": [
      "#Funci\u00f3n de orden uno (3)\n",
      "Adams(3)"
     ],
     "language": "python",
     "metadata": {},
     "outputs": [
      {
       "latex": [
        "$$\\frac{3 h}{4} \\left(3 f_{0} + f_{2}\\right)$$"
       ],
       "metadata": {},
       "output_type": "pyout",
       "png": "iVBORw0KGgoAAAANSUhEUgAAAHUAAAAsBAMAAACpq+qwAAAAMFBMVEX///8AAAAAAAAAAAAAAAAA\nAAAAAAAAAAAAAAAAAAAAAAAAAAAAAAAAAAAAAAAAAAAv3aB7AAAAD3RSTlMAIom7VJlmdt1E7xDN\nMqsI8sYEAAAACXBIWXMAAA7EAAAOxAGVKw4bAAACwklEQVRIDbWUPYgTQRiG3+yu+dnNzyp4hY3h\n4nFBLCJqIQdeCsEuiaeHhRZR0CvEIwhXGz0sFNQgaKGIyhWeihAV8adJxJ8qRRC0DoIKFiHBcBrj\nEb/Z3ZkklyDJgB9k5p3v/Z6dyezOABvGdwJPlyERrhSSaeCdBApPA6Es0JBhffdRKMLXkmGJoTUr\nNLVU0H/1H5zbLsEGoimg8BpVCRbYWkayjB1SrP4QR4B7o7MuE2oD5+BaHZ0NtaCuGE0od4yRYT0G\nb91dgx4+OTLrTiOZCRYRyoVHZnFtdjdU+jpmHPTTcI84NaDMFYNrPBJnzrMFc0CBcWg/ywbL/Z4/\nj43QVpjxORnv9xHcYp+bYr93GjgTxy8yjObLjv1YyMLNnKWpcG3cBW7kjD+U1mpd3j6hk456JTJc\n+LJMWWvuOVsdNuqU+uOOEJ2SYtJPrfv7ZUvblmDnl7/YGbvS1narpqn/cJ4NQhl4JsNMUQgWP4GJ\nXXl6dpHSPeGNs6HyiJrNZRxDgg0pBEvfvWLStwQtizWh56zEA3owbcolhEiwECztoNcM1IFADe1O\n1KiGseuB6TgQhVGHTgLbSqWLpRJdLxS0g3rO1bRYK9Fp2JrbeUyngT0ItOAlwULMq1ZopNHVaL8R\n5vFQ08AScMVklwFjM7YjWJ0lWNZdJNETSgU4AY02k840/S2rlCoEW8jRaIJ+61LU9ARbiW/2ABXQ\nlW2s0tG0bcHeztOUDPM7Thd+lmslBlzo3+cI+VdxC9jECz9ygeOOSvjTwIJ4v9fttFZ5Tzv8du8U\nMMmRRS6gmrZcfEG9MnNYGJbwTmXpPbbbNRhFx/HQ1jpBZ9+KOeuE8yzv3eI64HNg7A03gbGO/Jc6\nys1wF8tzQ/ZuU559Dnk2LM9qZXn2CeTZRLX6+9uQ2zqgbGlAbtjUj2EL++si7a/9yf+a+QvtrqRR\n0GnFDgAAAABJRU5ErkJggg==\n",
       "prompt_number": 67,
       "text": [
        "3\u22c5h\u22c5(3\u22c5f\u2080 + f\u2082)\n",
        "\u2500\u2500\u2500\u2500\u2500\u2500\u2500\u2500\u2500\u2500\u2500\u2500\u2500\u2500\u2500\n",
        "       4       "
       ]
      }
     ],
     "prompt_number": 67
    },
    {
     "cell_type": "code",
     "collapsed": false,
     "input": [
      "#Funci\u00f3n de orden uno (4)\n",
      "Adams(4)"
     ],
     "language": "python",
     "metadata": {},
     "outputs": [
      {
       "latex": [
        "$$\\frac{4 h}{3} \\left(2 f_{0} - f_{1} + 2 f_{2}\\right)$$"
       ],
       "metadata": {},
       "output_type": "pyout",
       "png": "iVBORw0KGgoAAAANSUhEUgAAAKwAAAArBAMAAAAXqn6LAAAAMFBMVEX///8AAAAAAAAAAAAAAAAA\nAAAAAAAAAAAAAAAAAAAAAAAAAAAAAAAAAAAAAAAAAAAv3aB7AAAAD3RSTlMAMpndu3bvImbNiRBU\nq0Qb3U6NAAAACXBIWXMAAA7EAAAOxAGVKw4bAAADJElEQVRIDa2WTWgTQRiG3zTJZvPXLMV7QlFE\nUShYRYpiFEGhKsGLUBACbU9KWYqgeDGXHkSEKoIGiyxpESyKwR+kHowgerIkKhURAtFeRA+N4B+0\nNH4zu7O7ne1JZw4z73zf9z7ZzOzOLgD0AI+GaVTc+ol3VTETiI4QckU59tw1oHtZOdYibKJPNVY3\nCRvfNnFILfgxCFu7jqZarMWwdQMHlWJTBsNuAUaVYp+CYQcQ+64UO99s/lpIriJRTCrlAiPQ29Cs\nS4qxP5CeRKZlqcXOdD5ESkhstamh0n/TdSOIOAOMb9zP4slNm4Np4MFxMxCWHG8CBbiJZAP3W5RI\n3133/PlYfy67ZEdcLkDUQroKrUiJ2rcW9XJLrj7zQk9sKTuilldiK82E1oc0u4nrco7PU21f+KWt\nZUey6KvhcpGOnWUbOy3n+HzNWedgA44p2VrhgTAdv5eH38pJmuvv9+a8sIOlwFqHTfHqcJjrJYuG\nn8DQkC9ly0wB2CCiHlY4KgeqlLwoCsS4h4t+6umQ0K1UQyTEeMFAzzsx8bCOI2HSkwW8EAViHGOi\nK08d7U3YAH8Zze1g7QoF7Y10XS62K08p5jBDv0ll0fFamwIce5IEew/VTJxm0t/YRtrYO+XyrnLZ\nfmULh9aKrVJB1u9gmi1CKoezQKSBbBW75YKjFAhcresgM/t/i7KLbRl9jpwAtALD7pQLRikQwLoO\nuiUKVBDYsnu0VwOz2/voIWshawbeGXQyB7GeA+D3Vq98MXT5cVptwi5VUTPAKP7GPyjkq/Uc0HOs\n+pbfwnTYFJEZmrTsO0GEaEzkqZOxTp4c+IpP9H+LPHJ+9oiTcX6NVr5xgz6jcvJ9Ox8vUeUrUf1F\nCBq5IzT1epB+m60vYjnUS0yw5nyFhAdpHVCpVHnQ7fofkhzft+AGPMEdWqfTBuZ4NLqCDIPwRsc4\na/o6hzWFJ9Y92WWHfWndY6hN8hR1sZJQ/zzqprB6iyAiSkb7EVSC8iCh6Zw3UaluGyppLks75Upl\nImYisqKM5oIyy4j8cWfKhJZHmJ3pipteQr2gmMlwn3uPKab+BUd93fIR59vlAAAAAElFTkSuQmCC\n",
       "prompt_number": 68,
       "text": [
        "4\u22c5h\u22c5(2\u22c5f\u2080 - f\u2081 + 2\u22c5f\u2082)\n",
        "\u2500\u2500\u2500\u2500\u2500\u2500\u2500\u2500\u2500\u2500\u2500\u2500\u2500\u2500\u2500\u2500\u2500\u2500\u2500\u2500\u2500\u2500\n",
        "          3           "
       ]
      }
     ],
     "prompt_number": 68
    },
    {
     "cell_type": "markdown",
     "metadata": {},
     "source": [
      "#Potencial Gravitacional - Ecuaci\u00f3n de Poisson "
     ]
    },
    {
     "cell_type": "code",
     "collapsed": false,
     "input": [
      "#Definimos todas las constantes necesarias\n",
      "#Densidad las unidad son (Kg/cm3)\n",
      "#La unidad del lado del cubo esta en (m)\n",
      "#Todas las unidades de as constantes se encuentran en SI (Sistema Internacional)\n",
      "\n",
      "M=30\n",
      "Ro=400.\n",
      "\n",
      "Lado=270\n",
      "\n",
      "e0=8.85e-12 \n",
      "\n",
      "q=1e-2 \n",
      "\n",
      "Nl=101\n",
      "\n",
      "xmin=-Lado/2\n",
      "\n",
      "xmax= Lado/2\n",
      "\n",
      "ymin=-Lado/2\n",
      "\n",
      "ymax= Lado/2\n",
      "\n",
      "zmin=-Lado/2\n",
      "\n",
      "zmax=Lado/2\n",
      "\n",
      "NumIter=2\n",
      "\n",
      "G=6.674e-11"
     ],
     "language": "python",
     "metadata": {},
     "outputs": []
    },
    {
     "cell_type": "markdown",
     "metadata": {},
     "source": [
      "###Condiciones de frontera de Dirichlet consiste en que debe estar en el contorno de la figura siendo \n",
      "\n",
      "$$\n",
      "f(x) = y(x)\n",
      "$$\n"
     ]
    },
    {
     "cell_type": "code",
     "collapsed": false,
     "input": [
      "#Declaro las coordenadas en las tres dimesiones\n",
      "#Creo los mesgrid de cada coordenada (x y z)\n",
      "#La variable que se llama constante pertenece al potencial gravitacional\n",
      "#Creo el cuadrado con la ayuda de np.ones y np.zeros\n",
      "#Mi cubo es de 10x10x10 y esta fijado en el centro de la malla de 100x100x100\n",
      "\n",
      "xx=np.linspace(xmin,xmax,Nl)\n",
      "yy=np.linspace(ymin,ymax,Nl) \n",
      "zz=np.linspace(zmin,zmax, Nl)\n",
      "\n",
      "x,y,z=np.meshgrid(xx,yy,zz)\n",
      "\n",
      "dx=(xmax-xmin)/Nl\n",
      "dy=(ymax-ymin)/Nl\n",
      "dz=(zmax-zmin)/Nl\n",
      "\n",
      "constante=Ro*np.pi*4*G\n",
      "\n",
      "densidad=np.zeros((Nl,Nl,Nl))\n",
      "\n",
      "cuadrado = np.ones((10,10,10))\n",
      "cuadradoEn400= cuadrado*constante\n",
      "cuafradoF=np.array(cuadradoEn400*4.*pi*G*M**2)\n",
      "\n",
      "densidad[45:55,45:55,45:55] = cuadradoEn400\n",
      "\n",
      "\n",
      "densidadf=np.array(densidad*4.*pi*G*M**2)"
     ],
     "language": "python",
     "metadata": {},
     "outputs": []
    },
    {
     "cell_type": "code",
     "collapsed": false,
     "input": [
      "#Se implementa el m\u00e9todo de relaci\u00f3n, inspirado en el cuaderno de Juan David Lizarazo\n",
      "X=x*x\n",
      "Y=y*y\n",
      "Z=z*z\n",
      "r=np.sqrt(X+Y+Z)\n",
      "#Se define el potencial\n",
      "Pot=-G*Ro*M**3/r\n",
      "#print Pot\n",
      "for __ in range(NumIter):\n",
      "    Pot=1/6.*(np.roll(Pot,1,axis=0)+\n",
      "              np.roll(Pot,-1,axis=0)+\n",
      "              np.roll(Pot,1,axis=1)+\n",
      "              np.roll(Pot,-1,axis=1)+\n",
      "              np.roll(Pot,1,axis= 2)+\n",
      "              np.roll(Pot,-1,axis= 2)-\n",
      "              densidadf)\n",
      "    Pot[0]=0.\n",
      "    Pot[-1]=0.\n",
      "    Pot[:,0]=0.\n",
      "    Pot[:,-1]=0.\n",
      "    Pot[:,:,0]=0.\n",
      "    Pot[:,:,-1]=0."
     ],
     "language": "python",
     "metadata": {},
     "outputs": [
      {
       "output_type": "stream",
       "stream": "stdout",
       "text": [
        "[[[ -3.08258856e-06  -3.10313730e-06  -3.12367478e-06 ...,  -3.12367478e-06\n",
        "    -3.10313730e-06  -3.08258856e-06]\n",
        "  [ -3.10313730e-06  -3.12410254e-06  -3.14506193e-06 ...,  -3.14506193e-06\n",
        "    -3.12410254e-06  -3.10313730e-06]\n",
        "  [ -3.12367478e-06  -3.14506193e-06  -3.16644890e-06 ...,  -3.16644890e-06\n",
        "    -3.14506193e-06  -3.12367478e-06]\n",
        "  ..., \n",
        "  [ -3.12367478e-06  -3.14506193e-06  -3.16644890e-06 ...,  -3.16644890e-06\n",
        "    -3.14506193e-06  -3.12367478e-06]\n",
        "  [ -3.10313730e-06  -3.12410254e-06  -3.14506193e-06 ...,  -3.14506193e-06\n",
        "    -3.12410254e-06  -3.10313730e-06]\n",
        "  [ -3.08258856e-06  -3.10313730e-06  -3.12367478e-06 ...,  -3.12367478e-06\n",
        "    -3.10313730e-06  -3.08258856e-06]]\n",
        "\n",
        " [[ -3.10313730e-06  -3.12410254e-06  -3.14506193e-06 ...,  -3.14506193e-06\n",
        "    -3.12410254e-06  -3.10313730e-06]\n",
        "  [ -3.12410254e-06  -3.14549853e-06  -3.16689447e-06 ...,  -3.16689447e-06\n",
        "    -3.14549853e-06  -3.12410254e-06]\n",
        "  [ -3.14506193e-06  -3.16689447e-06  -3.18873305e-06 ...,  -3.18873305e-06\n",
        "    -3.16689447e-06  -3.14506193e-06]\n",
        "  ..., \n",
        "  [ -3.14506193e-06  -3.16689447e-06  -3.18873305e-06 ...,  -3.18873305e-06\n",
        "    -3.16689447e-06  -3.14506193e-06]\n",
        "  [ -3.12410254e-06  -3.14549853e-06  -3.16689447e-06 ...,  -3.16689447e-06\n",
        "    -3.14549853e-06  -3.12410254e-06]\n",
        "  [ -3.10313730e-06  -3.12410254e-06  -3.14506193e-06 ...,  -3.14506193e-06\n",
        "    -3.12410254e-06  -3.10313730e-06]]\n",
        "\n",
        " [[ -3.12367478e-06  -3.14506193e-06  -3.16644890e-06 ...,  -3.16644890e-06\n",
        "    -3.14506193e-06  -3.12367478e-06]\n",
        "  [ -3.14506193e-06  -3.16689447e-06  -3.18873305e-06 ...,  -3.18873305e-06\n",
        "    -3.16689447e-06  -3.14506193e-06]\n",
        "  [ -3.16644890e-06  -3.18873305e-06  -3.21102975e-06 ...,  -3.21102975e-06\n",
        "    -3.18873305e-06  -3.16644890e-06]\n",
        "  ..., \n",
        "  [ -3.16644890e-06  -3.18873305e-06  -3.21102975e-06 ...,  -3.21102975e-06\n",
        "    -3.18873305e-06  -3.16644890e-06]\n",
        "  [ -3.14506193e-06  -3.16689447e-06  -3.18873305e-06 ...,  -3.18873305e-06\n",
        "    -3.16689447e-06  -3.14506193e-06]\n",
        "  [ -3.12367478e-06  -3.14506193e-06  -3.16644890e-06 ...,  -3.16644890e-06\n",
        "    -3.14506193e-06  -3.12367478e-06]]\n",
        "\n",
        " ..., \n",
        " [[ -3.12367478e-06  -3.14506193e-06  -3.16644890e-06 ...,  -3.16644890e-06\n",
        "    -3.14506193e-06  -3.12367478e-06]\n",
        "  [ -3.14506193e-06  -3.16689447e-06  -3.18873305e-06 ...,  -3.18873305e-06\n",
        "    -3.16689447e-06  -3.14506193e-06]\n",
        "  [ -3.16644890e-06  -3.18873305e-06  -3.21102975e-06 ...,  -3.21102975e-06\n",
        "    -3.18873305e-06  -3.16644890e-06]\n",
        "  ..., \n",
        "  [ -3.16644890e-06  -3.18873305e-06  -3.21102975e-06 ...,  -3.21102975e-06\n",
        "    -3.18873305e-06  -3.16644890e-06]\n",
        "  [ -3.14506193e-06  -3.16689447e-06  -3.18873305e-06 ...,  -3.18873305e-06\n",
        "    -3.16689447e-06  -3.14506193e-06]\n",
        "  [ -3.12367478e-06  -3.14506193e-06  -3.16644890e-06 ...,  -3.16644890e-06\n",
        "    -3.14506193e-06  -3.12367478e-06]]\n",
        "\n",
        " [[ -3.10313730e-06  -3.12410254e-06  -3.14506193e-06 ...,  -3.14506193e-06\n",
        "    -3.12410254e-06  -3.10313730e-06]\n",
        "  [ -3.12410254e-06  -3.14549853e-06  -3.16689447e-06 ...,  -3.16689447e-06\n",
        "    -3.14549853e-06  -3.12410254e-06]\n",
        "  [ -3.14506193e-06  -3.16689447e-06  -3.18873305e-06 ...,  -3.18873305e-06\n",
        "    -3.16689447e-06  -3.14506193e-06]\n",
        "  ..., \n",
        "  [ -3.14506193e-06  -3.16689447e-06  -3.18873305e-06 ...,  -3.18873305e-06\n",
        "    -3.16689447e-06  -3.14506193e-06]\n",
        "  [ -3.12410254e-06  -3.14549853e-06  -3.16689447e-06 ...,  -3.16689447e-06\n",
        "    -3.14549853e-06  -3.12410254e-06]\n",
        "  [ -3.10313730e-06  -3.12410254e-06  -3.14506193e-06 ...,  -3.14506193e-06\n",
        "    -3.12410254e-06  -3.10313730e-06]]\n",
        "\n",
        " [[ -3.08258856e-06  -3.10313730e-06  -3.12367478e-06 ...,  -3.12367478e-06\n",
        "    -3.10313730e-06  -3.08258856e-06]\n",
        "  [ -3.10313730e-06  -3.12410254e-06  -3.14506193e-06 ...,  -3.14506193e-06\n",
        "    -3.12410254e-06  -3.10313730e-06]\n",
        "  [ -3.12367478e-06  -3.14506193e-06  -3.16644890e-06 ...,  -3.16644890e-06\n",
        "    -3.14506193e-06  -3.12367478e-06]\n",
        "  ..., \n",
        "  [ -3.12367478e-06  -3.14506193e-06  -3.16644890e-06 ...,  -3.16644890e-06\n",
        "    -3.14506193e-06  -3.12367478e-06]\n",
        "  [ -3.10313730e-06  -3.12410254e-06  -3.14506193e-06 ...,  -3.14506193e-06\n",
        "    -3.12410254e-06  -3.10313730e-06]\n",
        "  [ -3.08258856e-06  -3.10313730e-06  -3.12367478e-06 ...,  -3.12367478e-06\n",
        "    -3.10313730e-06  -3.08258856e-06]]]\n"
       ]
      }
     ]
    },
    {
     "cell_type": "code",
     "collapsed": false,
     "input": [
      "#Graficar \n",
      "plt.figure(figsize=(12,10))\n",
      "ax=fig.add_subplot(111)\n",
      "figure.colorbar(ax.pcolor(xx,yy,1000*Pot[Nl/2],cmap='gist_heat'))\n",
      "plt.clabel(ax.contour(xx,yy,1000*Pot[Nl/2],levels==[-16,40,-100,-200,-400,-800,-1600],colors='k'))\n",
      "#plt.pcolor(yy,zz,campo[50]*100**2,cmap='gist_heat')\n",
      "#plt.colorbar()\n",
      "plt.contour(yy,zz,campo[50]*100**2)\n",
      "#plt.xlim(ymin,ymax)\n",
      "#plt.ylim(zmin,zmax)\n",
      "plt.show()"
     ],
     "language": "python",
     "metadata": {},
     "outputs": [
      {
       "ename": "NameError",
       "evalue": "name 'fig' is not defined",
       "output_type": "pyerr",
       "traceback": [
        "\u001b[0;31m---------------------------------------------------------------------------\u001b[0m\n\u001b[0;31mNameError\u001b[0m                                 Traceback (most recent call last)",
        "\u001b[0;32m<ipython-input-22-0bfeb4a7a9ed>\u001b[0m in \u001b[0;36m<module>\u001b[0;34m()\u001b[0m\n\u001b[1;32m      1\u001b[0m \u001b[0;31m#Graficar\u001b[0m\u001b[0;34m\u001b[0m\u001b[0;34m\u001b[0m\u001b[0m\n\u001b[1;32m      2\u001b[0m \u001b[0mplt\u001b[0m\u001b[0;34m.\u001b[0m\u001b[0mfigure\u001b[0m\u001b[0;34m(\u001b[0m\u001b[0mfigsize\u001b[0m\u001b[0;34m=\u001b[0m\u001b[0;34m(\u001b[0m\u001b[0;36m12\u001b[0m\u001b[0;34m,\u001b[0m\u001b[0;36m10\u001b[0m\u001b[0;34m)\u001b[0m\u001b[0;34m)\u001b[0m\u001b[0;34m\u001b[0m\u001b[0m\n\u001b[0;32m----> 3\u001b[0;31m \u001b[0max\u001b[0m\u001b[0;34m=\u001b[0m\u001b[0mfig\u001b[0m\u001b[0;34m.\u001b[0m\u001b[0madd_subplot\u001b[0m\u001b[0;34m(\u001b[0m\u001b[0;36m111\u001b[0m\u001b[0;34m)\u001b[0m\u001b[0;34m\u001b[0m\u001b[0m\n\u001b[0m\u001b[1;32m      4\u001b[0m \u001b[0mfigure\u001b[0m\u001b[0;34m.\u001b[0m\u001b[0mcolorbar\u001b[0m\u001b[0;34m(\u001b[0m\u001b[0max\u001b[0m\u001b[0;34m.\u001b[0m\u001b[0mpcolor\u001b[0m\u001b[0;34m(\u001b[0m\u001b[0mxx\u001b[0m\u001b[0;34m,\u001b[0m\u001b[0myy\u001b[0m\u001b[0;34m,\u001b[0m\u001b[0;36m1000\u001b[0m\u001b[0;34m*\u001b[0m\u001b[0mPot\u001b[0m\u001b[0;34m[\u001b[0m\u001b[0mNl\u001b[0m\u001b[0;34m/\u001b[0m\u001b[0;36m2\u001b[0m\u001b[0;34m]\u001b[0m\u001b[0;34m,\u001b[0m\u001b[0mcmap\u001b[0m\u001b[0;34m=\u001b[0m\u001b[0;34m'gist_heat'\u001b[0m\u001b[0;34m)\u001b[0m\u001b[0;34m)\u001b[0m\u001b[0;34m\u001b[0m\u001b[0m\n\u001b[1;32m      5\u001b[0m \u001b[0mplt\u001b[0m\u001b[0;34m.\u001b[0m\u001b[0mclabel\u001b[0m\u001b[0;34m(\u001b[0m\u001b[0max\u001b[0m\u001b[0;34m.\u001b[0m\u001b[0mcontour\u001b[0m\u001b[0;34m(\u001b[0m\u001b[0mxx\u001b[0m\u001b[0;34m,\u001b[0m\u001b[0myy\u001b[0m\u001b[0;34m,\u001b[0m\u001b[0;36m1000\u001b[0m\u001b[0;34m*\u001b[0m\u001b[0mPot\u001b[0m\u001b[0;34m[\u001b[0m\u001b[0mNl\u001b[0m\u001b[0;34m/\u001b[0m\u001b[0;36m2\u001b[0m\u001b[0;34m]\u001b[0m\u001b[0;34m,\u001b[0m\u001b[0mlevels\u001b[0m\u001b[0;34m==\u001b[0m\u001b[0;34m[\u001b[0m\u001b[0;34m-\u001b[0m\u001b[0;36m16\u001b[0m\u001b[0;34m,\u001b[0m\u001b[0;36m40\u001b[0m\u001b[0;34m,\u001b[0m\u001b[0;34m-\u001b[0m\u001b[0;36m100\u001b[0m\u001b[0;34m,\u001b[0m\u001b[0;34m-\u001b[0m\u001b[0;36m200\u001b[0m\u001b[0;34m,\u001b[0m\u001b[0;34m-\u001b[0m\u001b[0;36m400\u001b[0m\u001b[0;34m,\u001b[0m\u001b[0;34m-\u001b[0m\u001b[0;36m800\u001b[0m\u001b[0;34m,\u001b[0m\u001b[0;34m-\u001b[0m\u001b[0;36m1600\u001b[0m\u001b[0;34m]\u001b[0m\u001b[0;34m,\u001b[0m\u001b[0mcolors\u001b[0m\u001b[0;34m=\u001b[0m\u001b[0;34m'k'\u001b[0m\u001b[0;34m)\u001b[0m\u001b[0;34m)\u001b[0m\u001b[0;34m\u001b[0m\u001b[0m\n",
        "\u001b[0;31mNameError\u001b[0m: name 'fig' is not defined"
       ]
